0
1
10
1000
1002
1003
1004
10066
10067
10068
10072
10073
10074
10075
10076
10077
10079
10080
10081
10082
10173
10174
10175
10176
10177
10178
10179
102
10289
103
1032
1034
1035
1036
1037
1038
1039
104
1040
1041
1042
1043
1044
1046
1047
105
1050
1054
1055
1056
1057
1058
1059
106
1060
1061
1062
10622
10624
10625
1063
1065
1066
1067
1069
107
1071
1072
1077
1078
108
10846
10847
10848
10849
1085
10850
10851
10852
1089
109
1091
1092
1095
1099
11
110
1100
11060
111
1110
1111
1112
1113
1114
1115
1117
1118
1119
112
1120
11212
11213
11218
11219
11225
11229
1123
11233
11234
1124
1125
1126
1127
1128
1129
1130
1131
1132
1135
11353
11356
11358
11359
11360
11362
1137
1138
1139
114
1140
1141
11439
1144
11440
11443
11446
11447
1145
11450
11451
11452
11453
1146
1147
1148
1149
115
1150
1151
1152
1153
1154
117
11832
11834
11836
11838
11839
11840
11841
11842
11843
11844
11845
11846
11848
11849
11885
11892
11893
11895
11896
11897
11898
11899
11900
11901
11902
11918
12
12029
12033
12034
12036
12037
1208
12093
12100
12101
1212
1235
1245
1246
1247
1248
1249
125
12536
12537
12543
12544
12545
12546
12547
12560
12564
12565
12569
12572
12573
126
127
12712
12713
12716
12717
12718
12719
12720
12721
12722
12723
12724
12725
12726
12727
12729
12730
12732
12733
12734
12836
12837
12839
1284
1286
1287
129
1293
1295
1296
13
130
1302
1304
1305
1306
1309
131
1310
1311
1312
1313
1314
1315
1316
1318
1319
132
13204
13206
13209
1321
13210
13211
13214
13215
1322
1323
1325
13261
13263
13264
13265
13268
13269
13270
133
13331
13333
13334
13335
13336
134
13405
13406
13407
13409
13410
13413
13415
13417
13418
13419
13420
13421
13422
13423
13424
13425
13426
135
13506
1352
13521
13523
13524
13525
13526
1353
1354
1355
136
1362
1370
13702
13703
13704
13705
13709
1371
13710
13718
1375
1376
138
139
1390
1391
1392
1393
1395
1396
1398
13985
13988
14
140
1404
14045
14046
1405
14050
14051
14052
1406
1407
14251
14252
1427
1428
1429
143
1430
1433
14356
14358
14359
14360
14361
14362
145
146
1462
1466
1467
1477
1479
148
1480
1481
1482
1483
1484
1485
1487
149
14906
1494
1495
1496
1497
150
1500
1501
15033
1506
1507
1508
1509
151
1510
152
15298
153
15302
15303
1531
1532
1533
1534
1536
1537
1538
1539
154
1540
15486
15487
15488
15489
155
1555
15556
1556
1557
156
15607
15609
1562
1563
1564
157
1573
1574
1575
1576
1577
1578
1579
1581
1582
15824
15825
15826
15827
15828
15829
15830
15831
15837
15838
15844
15845
1588
16020
16022
16023
16024
16026
16027
16028
16029
16030
16032
16033
16036
16037
16038
16039
1604
16040
16041
16042
1607
1608
1609
1613
1618
1620
16227
1624
1627
1628
16281
16285
16286
16287
16288
16289
1629
16290
16291
16293
16294
16296
1630
1631
1632
1637
1638
1639
1640
1641
1642
1643
1644
1645
1646
1647
1648
1649
165
1651
1652
1653
1654
1656
1657
166
16610
16686
16688
16689
1669
16690
16693
16694
1671
1672
1673
1674
1675
1676
1677
1681
1682
1683
1684
1687
1690
17
170
1702
171
172
1729
173
174
1745
1746
1747
1748
175
1750
1751
1752
1753
1754
1755
1756
1757
1758
1759
1778
1779
1780
1781
1784
1785
1786
1787
1788
1789
179
1790
1791
1793
1794
1795
1797
1798
1799
1800
1801
1802
1803
1804
1805
1806
1819
1820
1822
1823
1824
1825
1826
1827
1828
1829
183
1830
1832
1833
184
185
186
187
19
1957
1960
1981
20
200
202
203
2037
2038
2039
204
2041
2042
205
206
207
209
21
2104
2105
2106
2107
2108
2109
211
212
214
215
218
219
22
220
221
222
223
2232
2233
224
225
226
227
228
229
2298
23
2301
2302
2303
2304
232
233
234
236
237
2375
239
24
2452
2457
2461
2462
2464
2465
2466
2469
2470
2471
2472
25
250
252
254
2591
2594
2595
2596
2597
2598
2599
2600
2601
2606
2650
2651
2652
2654
2655
2656
2657
2658
2659
2660
2661
2662
2666
2667
2668
2669
267
2670
2671
2673
2674
2675
2676
2678
2679
268
2680
2681
2682
2683
2684
2685
2686
2687
2689
2690
2691
2692
2693
2694
2695
2696
2697
2699
27
2700
2701
2702
2704
2705
2706
2707
2708
2709
271
2711
2712
2713
2716
2717
2718
2719
272
2721
2722
2723
2724
2725
2726
2727
2728
2729
2730
2732
2733
2734
2735
2736
2737
2738
2739
2740
2741
2742
2743
2744
2745
2746
2756
2757
2758
2759
2760
2762
2763
2764
2765
2766
2767
2768
2769
2770
2771
278
279
28
280
281
282
284
287
2872
288
289
29
290
291
292
294
295
2955
297
298
299
3
30
300
301
302
303
3034
3035
3037
3038
304
3040
3041
3042
3048
3049
3050
3051
306
308
310
311
312
313
315
316
317
3175
318
319
3194
32
320
321
322
323
3238
3239
324
3240
3241
325
327
328
333
334
335
336
338
339
34
340
3405
341
342
343
344
345
346
347
348
3491
350
355
356
357
358
3588
359
36
360
361
363
3631
364
3645
3646
365
3653
3654
3655
366
367
368
369
370
371
3714
3715
3716
372
3729
373
3731
3732
3733
374
375
376
377
379
38
380
381
382
384
385
386
387
388
389
39
390
391
392
394
395
398
399
4
40
400
401
4010
402
403
407
408
410
411
412
413
414
415
416
417
418
42
422
423
425
4261
4262
4263
4265
4266
427
428
431
432
433
4332
4333
4334
4335
434
4343
4344
4345
435
4350
436
438
439
44
441
442
4421
4423
4429
443
4430
4433
4434
4436
4437
4438
4439
444
445
447
449
45
451
453
454
455
456
457
458
46
464
465
468
47
470
4706
4713
4714
4715
4716
4717
4718
4719
472
4720
4723
484
4865
4866
49
491
5
50
5007
507
508
5082
509
51
510
511
512
513
514
517
518
519
52
520
521
522
529
5327
5328
5330
5331
5332
5404
5409
541
5414
5415
5420
5421
543
548
5482
5483
549
550
551
554
555
556
557
558
559
560
561
562
563
565
566
567
568
569
57
570
572
573
574
575
576
578
579
58
581
582
583
584
585
586
587
588
589
590
591
592
594
595
596
597
598
6
600
601
602
6022
603
604
605
606
607
608
612
613
615
6151
6159
616
6160
6161
6162
6163
6164
6165
6166
6167
6169
617
6172
618
619
62
6327
6328
6329
6330
6333
6336
6338
6339
6340
6343
6344
6345
6346
64
6499
6500
6510
652
653
656
657
658
659
660
661
662
663
664
667
6731
674
676
6799
68
6882
6883
6884
69
693
694
695
696
697
698
6985
699
7
70
704
705
706
7065
7066
7067
7069
707
7070
7071
7072
7074
7075
708
709
710
711
7429
7430
7431
7432
749
750
751
752
753
754
759
769
7712
7715
7716
7717
7718
7719
777
778
7783
7920
7934
7935
7936
7937
7938
7939
7940
7941
7942
8
8032
8044
8045
8046
8047
8048
8049
8051
8052
810
8102
811
814
815
816
817
8179
818
8184
8185
8186
819
824
825
826
8260
8266
827
828
829
830
831
832
8329
8330
835
836
837
838
841
842
843
844
845
852
853
854
855
857
858
862
863
8648
8649
865
8651
8652
8654
8655
867
869
87
871
8719
872
8727
8728
873
8732
874
875
876
877
88
888
889
89
8906
8907
8909
891
892
893
894
895
896
897
898
899
9
900
901
902
903
9031
904
9041
9046
9047
905
9051
9052
9053
9054
906
910
911
915
921
9284
950
9502
9505
9506
9507
9509
951
9510
9511
9512
9513
9514
952
953
954
955
956
9566
9567
9569
957
9570
9572
9573
9574
9575
9576
9577
958
959
960
961
9630
97
972
977
978
979
98
981
9839
9845
9846
9945
9947
9948
9950
9951
